transition: 1679505025.0677445
WASHHANDS: 1679505033.5142589
transition: 1679505038.3651967
GETPLATE: 1679505048.5303302
transition: 1679505055.1096923
OPENFRIDGE: 1679505064.2917523
transition: 1679505070.5350933
OPENFRIDGE: 1679505076.1609616
transition: 1679505082.248982
WASHHANDS: 1679505086.6682296
transition: 1679505091.8678238
SLICETOMATO: 1679505103.5766606
transition: 1679505108.954192
ASSEMBLESANDWICH: 1679505125.004195
transition: 1679505133.0672185
5 seconds elapsed: 1679505138.5235343
