transition: 1678998805.9919777
WASHHANDS: 1678998815.73081
transition: 1678998820.9013722
GETPLATE: 1678998831.1190395
transition: 1678998837.2780716
OPENFRIDGE: 1678998846.236421
transition: 1678998852.0210705
OPENFRIDGE: 1678998858.4647841
transition: 1678998864.6371121
WASHHANDS: 1678998869.6448529
transition: 1678998874.4368415
SLICETOMATO: 1678998892.2176607
transition: 1678998899.0309908
ASSEMBLESANDWICH: 1678998910.2007368
transition: 1678998920.9571593
5 seconds elapsed: 1678998928.2287462
