transition: 1678999455.2437212
WASHHANDS: 1678999464.7070894
transition: 1678999471.5128627
GETPLATE: 1678999484.7663107
transition: 1678999491.526551
OPENFRIDGE: 1678999505.7118237
transition: 1678999511.5603461
OPENFRIDGE: 1678999518.0077136
transition: 1678999524.5482435
WASHHANDS: 1678999529.4606245
transition: 1678999535.429439
SLICETOMATO: 1678999545.442112
transition: 1678999550.3800843
ASSEMBLESANDWICH: 1678999556.6514895
transition: 1678999567.4291418
5 seconds elapsed: 1678999575.714856
