transition: 1679505245.8344226
WASHHANDS: 1679505254.9780471
transition: 1679505260.1917138
GETPLATE: 1679505270.8929188
transition: 1679505276.7574866
OPENFRIDGE: 1679505285.717695
transition: 1679505291.6387582
OPENFRIDGE: 1679505297.6725357
transition: 1679505304.2723975
WASHHANDS: 1679505308.329054
transition: 1679505313.932362
SLICETOMATO: 1679505325.4857957
transition: 1679505333.0802028
ASSEMBLESANDWICH: 1679505349.372027
transition: 1679505360.383732
5 seconds elapsed: 1679505366.1480963
