transition: 1678993981.854146
WASHHANDS: 1678993991.7171302
transition: 1678993997.164121
GETPLATE: 1678994010.2506304
transition: 1678994016.2138941
OPENFRIDGE: 1678994025.2023818
transition: 1678994030.802446
OPENFRIDGE: 1678994036.7325163
transition: 1678994042.7928088
WASHHANDS: 1678994046.9184766
transition: 1678994051.8573372
SLICETOMATO: 1678994062.8688326
transition: 1678994071.9230306
ASSEMBLESANDWICH: 1678994082.5878956
transition: 1678994093.4204974
5 seconds elapsed: 1678994099.6794078
