transition: 1678994417.5203264
WASHHANDS: 1678994427.428435
transition: 1678994432.4440958
GETPLATE: 1678994447.168549
transition: 1678994453.2128618
OPENFRIDGE: 1678994462.4609625
transition: 1678994467.1930678
OPENFRIDGE: 1678994473.9164062
transition: 1678994479.1197681
WASHHANDS: 1678994483.1176696
transition: 1678994487.8043993
SLICETOMATO: 1678994497.1896265
transition: 1678994503.0588462
ASSEMBLESANDWICH: 1678994510.789081
transition: 1678994519.3521016
5 seconds elapsed: 1678994525.8605595
