transition: 1678994206.955132
WASHHANDS: 1678994216.4680862
transition: 1678994220.9236243
GETPLATE: 1678994233.3041825
transition: 1678994239.6286154
OPENFRIDGE: 1678994248.496221
transition: 1678994254.0371523
OPENFRIDGE: 1678994260.7444274
transition: 1678994266.4949825
WASHHANDS: 1678994271.0804152
transition: 1678994276.5490742
SLICETOMATO: 1678994289.3645442
transition: 1678994297.0980616
ASSEMBLESANDWICH: 1678994306.927907
transition: 1678994315.587771
5 seconds elapsed: 1678994323.4179652
