transition: 1678993554.1964383
WASHHANDS: 1678993564.2273664
transition: 1678993568.457844
GETPLATE: 1678993583.3247578
transition: 1678993588.4379697
OPENFRIDGE: 1678993595.9377975
transition: 1678993600.5809097
OPENFRIDGE: 1678993606.758512
transition: 1678993611.2410047
WASHHANDS: 1678993615.5269816
transition: 1678993620.0656927
SLICETOMATO: 1678993630.3028753
transition: 1678993638.670712
ASSEMBLESANDWICH: 1678993647.5971127
transition: 1678993657.8210518
5 seconds elapsed: 1678993661.5897717
