transition: 1678994665.168311
WASHHANDS: 1678994674.295447
transition: 1678994679.0998445
GETPLATE: 1678994691.560095
transition: 1678994697.9060335
OPENFRIDGE: 1678994701.023199
transition: 1678994706.2413
OPENFRIDGE: 1678994712.7331023
transition: 1678994718.3509834
WASHHANDS: 1678994722.9992087
transition: 1678994728.4807532
SLICETOMATO: 1678994743.1186366
transition: 1678994749.2563667
ASSEMBLESANDWICH: 1678994758.801413
transition: 1678994766.7837443
5 seconds elapsed: 1678994773.7858157
