transition: 1678999242.2625017
WASHHANDS: 1678999251.7104225
transition: 1678999257.3291066
GETPLATE: 1678999270.532943
transition: 1678999275.9232888
OPENFRIDGE: 1678999285.109756
transition: 1678999291.310479
OPENFRIDGE: 1678999297.4150329
transition: 1678999303.8060565
WASHHANDS: 1678999309.9457881
transition: 1678999315.5971942
SLICETOMATO: 1678999326.8822742
transition: 1678999332.259955
ASSEMBLESANDWICH: 1678999345.2437415
transition: 1678999353.1277955
5 seconds elapsed: 1678999360.733474
