transition: 1679504156.5181556
WASHHANDS: 1679504164.619352
transition: 1679504169.4382505
GETPLATE: 1679504183.16758
transition: 1679504189.4547358
OPENFRIDGE: 1679504199.6314151
transition: 1679504204.8708105
OPENFRIDGE: 1679504210.172387
transition: 1679504215.7369947
WASHHANDS: 1679504219.8102653
transition: 1679504225.3341043
SLICETOMATO: 1679504236.863699
transition: 1679504242.6073155
ASSEMBLESANDWICH: 1679504253.754313
transition: 1679504261.2914026
5 seconds elapsed: 1679504265.3396828
