transition: 1679504848.5678427
WASHHANDS: 1679504856.7727685
transition: 1679504861.3772173
GETPLATE: 1679504871.698445
transition: 1679504877.8283718
OPENFRIDGE: 1679504888.4054492
transition: 1679504894.5198457
OPENFRIDGE: 1679504900.0156996
transition: 1679504906.5813856
WASHHANDS: 1679504910.979542
transition: 1679504916.7041662
SLICETOMATO: 1679504927.6127546
transition: 1679504933.2178593
ASSEMBLESANDWICH: 1679504950.23266
transition: 1679504956.7136152
5 seconds elapsed: 1679504962.3257208
