transition: 1678999014.6076245
WASHHANDS: 1678999024.507475
transition: 1678999030.2725785
GETPLATE: 1678999042.0861516
transition: 1678999048.3326147
OPENFRIDGE: 1678999057.1604328
transition: 1678999062.418559
OPENFRIDGE: 1678999068.748154
transition: 1678999074.3308468
WASHHANDS: 1678999079.9619932
transition: 1678999085.974801
SLICETOMATO: 1678999096.2740242
transition: 1678999102.3736787
ASSEMBLESANDWICH: 1678999110.9683464
transition: 1678999122.2007165
5 seconds elapsed: 1678999129.985415
