transition: 1679504399.3718166
WASHHANDS: 1679504407.4063187
transition: 1679504412.1024137
GETPLATE: 1679504423.0132384
transition: 1679504429.0956194
OPENFRIDGE: 1679504438.651968
transition: 1679504444.912729
OPENFRIDGE: 1679504450.3456206
transition: 1679504456.600092
WASHHANDS: 1679504460.9367204
transition: 1679504466.5831618
SLICETOMATO: 1679504475.4293678
transition: 1679504482.922133
ASSEMBLESANDWICH: 1679504496.9084048
transition: 1679504507.0340934
5 seconds elapsed: 1679504514.9364002
