transition: 1678999706.5341024
WASHHANDS: 1678999718.0190618
transition: 1678999723.1982565
GETPLATE: 1678999736.154486
transition: 1678999742.4169667
OPENFRIDGE: 1678999752.0691543
transition: 1678999757.8821456
OPENFRIDGE: 1678999763.5858629
transition: 1678999768.8896332
WASHHANDS: 1678999774.5336668
transition: 1678999779.8809419
SLICETOMATO: 1678999793.2940133
transition: 1678999797.7760139
ASSEMBLESANDWICH: 1678999805.8242102
transition: 1678999815.666083
5 seconds elapsed: 1678999823.0711699
